#Size Bubble-Sort Merge-Sort Quick-Sort Selection Sort
100000 30.812500 0.015625 0.015625 10.984375
150000 69.875000 0.031250 0.015625 24.687500
200000 124.281250 0.031250 0.031250 44.171875
250000 193.953125 0.046875 0.046875 68.765625
300000 286.531250 0.062500 0.046875 101.328125
350000 385.265625 0.062500 0.046875 137.750000
400000 496.781250 0.062500 0.062500 176.328125
450000 653.671875 0.093750 0.062500 230.812500
500000 844.328125 0.093750 0.078125 285.062500
550000 1021.687500 0.109375 0.078125 345.750000
600000 1210.031250 0.125000 0.093750 406.437500
650000 1408.781250 0.125000 0.109375 481.312500
700000 1649.062500 0.156250 0.109375 556.187500
750000 1893.531250 0.140625 0.125000 638.562500
800000 2157.531250 0.156250 0.140625 729.296875
850000 2409.078125 0.171875 0.140625 826.234375
900000 2745.968750 0.187500 0.156250 923.328125
950000 3046.093750 0.187500 0.171875 1028.562500
1000000 3350.812500 0.203125 0.171875 1160.687500